            1
            gx = [-2.182,1.35,-0.173,0.744,-0.821,0.729]
            gy = [2.101,2.231,-2.147,-2.296,-0.015,-0.209]
            sx = [2.463,1.082,0.714,1.59,0.17,-2.005]
            sy = [1.348,1.32,0.086,2.316,-0.513,1.635]
            2
            gx = [-0.553,1.555,-1.45,-2.401,0.137,-0.837]
            gy = [-2.217,0.153,-1.833,-0.179,1.282,1.45]
            sx = [-1.285,-0.294,-0.606,1.008,1.08,-0.987]
            sy = [1.903,1.114,-1.691,-0.144,-0.253,1.35]
            3
            gx = [-0.277,-1.746,1.548,-1.105,-2.281,-2.049]
            gy = [-1.169,-0.122,-1.623,-2.492,2.313,-1.59]
            sx = [-0.501,-2.049,-1.938,2.047,-0.127,-0.387]
            sy = [-2.015,-2.337,1.568,-2.266,2.072,0.96]
            4
            gx = [-0.746,2.36,-2.402,1.631,0.864,-0.923]
            gy = [-1.372,1.763,0.814,0.501,0.011,0.652]
            sx = [-2.132,-0.838,0.76,1.02,2.029,-1.625]
            sy = [1.129,-2.083,2.036,0.356,1.869,0.568]
            5
            gx = [-0.185,-2.459,-1.854,1.206,0.654,0.673]
            gy = [-1.544,-2.3,-1.866,-0.504,-0.939,-0.351]
            sx = [-0.67,0.477,-2.29,0.367,0.668,0.196]
            sy = [-2.123,1.473,1.632,-1.261,-1.475,2.443]
            6
            gx = [2.479,0.949,1.871,0.509,2.433,-0.432]
            gy = [-2.149,-1.407,2.108,0.373,0.669,-1.022]
            sx = [1.924,-1.835,1.121,-1.659,-0.906,-1.967]
            sy = [1.525,0.087,1.383,-2.055,-0.581,-1.174]
            7
            gx = [-0.095,2.115,2.202,-2.449,-0.095,0.751]
            gy = [-0.802,-2.293,-2.071,-0.189,0.486,0.103]
            sx = [0.895,1.219,-0.751,-1.484,-1.038,-1.006]
            sy = [1.212,0.657,2.181,-2.042,-2.354,-1.724]
            8
            gx = [2.398,-0.672,1.468,-0.189,1.559,-1.697]
            gy = [1.52,0.713,-0.694,-2.458,1.902,-1.527]
            sx = [-1.236,-2.199,2.145,-1.147,0.063,2.405]
            sy = [0.338,1.239,-2.357,-1.504,1.576,-0.655]
            9
            gx = [-1.153,1.844,0.66,0.598,0.014,-0.396]
            gy = [-1.718,1.531,-2.229,-1.701,0.825,-2.493]
            sx = [-2.159,-0.64,-0.731,1.235,0.289,-0.174]
            sy = [1.322,-1.955,-1.487,1.793,1.656,0.883]
            10
            gx = [1.525,-1.711,-0.616,-0.636,-1.245,-1.71]
            gy = [-0.468,1.123,-1.315,0.796,1.713,-0.329]
            sx = [1.227,-1.551,-2.185,-1.138,1.686,-0.808]
            sy = [2.23,2.067,1.125,-0.867,1.839,-0.07]
            11
            gx = [2.264,0.67,-0.898,-0.174,-0.504,2.268]
            gy = [1.859,0.502,-0.095,1.673,1.593,-1.626]
            sx = [0.011,1.607,1.803,-2.31,-0.459,-0.616]
            sy = [-1.684,-1.89,1.257,-0.287,-0.504,1.098]
            12
            gx = [0.104,1.083,1.735,2.169,-0.809,2.291]
            gy = [-1.733,0.298,2.085,-2.081,-1.189,-0.295]
            sx = [0.098,1.102,-0.496,-0.579,-0.107,-0.153]
            sy = [0.11,2.227,2.048,1.942,-0.903,-2.28]
            13
            gx = [-1.348,0.182,-1.287,1.475,0.835,-0.684]
            gy = [-2.193,-0.169,0.027,-2.213,-0.861,-0.513]
            sx = [1.422,-0.915,-0.211,1.231,1.607,0.591]
            sy = [-1.091,-0.927,0.352,0.944,-0.452,0.42]
            14
            gx = [2.28,-2.265,-2.147,-0.032,0.143,-2.036]
            gy = [1.021,1.366,-1.77,1.031,2.032,1.567]
            sx = [0.907,-0.587,-1.192,1.353,-1.417,-1.522]
            sy = [-1.482,-1.91,-0.716,-1.661,2.103,0.53]
            15
            gx = [0.857,1.894,-1.031,-1.303,2.368,0.135]
            gy = [-0.011,2.237,-0.51,-0.726,-0.186,-2.307]
            sx = [-0.054,-2.129,-2.158,0.793,-2.173,-0.853]
            sy = [0.327,-2.33,0.305,-1.141,0.626,-0.717]
            16
            gx = [-1.615,1.672,1.86,-1.522,-0.281,-1.338]
            gy = [0.521,-1.611,2.285,-0.489,1.204,1.878]
            sx = [-0.143,2.299,0.565,-0.736,-1.897,1.969]
            sy = [1.47,-1.469,1.685,0.119,2.012,0.224]
            17
            gx = [0.418,-1.508,-1.868,1.729,1.966,1.274]
            gy = [-2.312,1.838,2.45,-2.102,-1.811,0.451]
            sx = [-0.809,-0.335,-1.174,1.317,0.104,-1.596]
            sy = [0.243,-0.867,2.103,1.451,-0.845,-1.523]
            18
            gx = [-1.077,-0.038,-0.761,1.022,1.146,-0.994]
            gy = [1.011,1.798,-1.554,0.697,-0.658,1.041]
            sx = [-1.638,0.164,1.649,-0.594,-2.139,-2.366]
            sy = [2.278,-1.519,2.467,0.13,-2.366,-1.13]
            19
            gx = [-0.21,1.592,0.512,2.088,1.829,0.929]
            gy = [1.881,-1.193,-2.008,1.783,-0.802,0.763]
            sx = [0.936,2.033,-2.266,-2.122,1.426,-1.316]
            sy = [1.371,1.309,1.156,-1.023,1.158,1.013]
            20
            gx = [1.6,1.146,-0.134,0.641,-1.293,-1.136]
            gy = [-1.466,-2.465,-1.136,2.14,-1.409,0.376]
            sx = [1.204,0.924,-1.465,-0.691,-0.187,2.482]
            sy = [2.123,1.609,1.541,-2.383,-0.466,-2.032]
            21
            gx = [1.306,-0.092,0.411,1.192,0.805,0.821]
            gy = [-0.535,2.057,1.86,0.148,-1.386,0.651]
            sx = [1.216,-1.76,0.618,-2.385,1.397,-2.182]
            sy = [-1.58,-0.406,1.592,1.004,-1.876,-1.541]
            22
            gx = [0.192,-1.601,0.144,-0.01,0.612,-1.531]
            gy = [-0.952,-2.062,1.355,0.737,2.499,-1.658]
            sx = [-2.496,2.495,-0.35,0.41,-2.026,-0.548]
            sy = [-1.056,0.101,-1.509,-1.134,-1.538,-1.314]
            23
            gx = [-2.354,2.047,0.784,-1.039,-2.312,-1.415]
            gy = [-0.538,2.434,0.388,-2.473,-0.741,2.026]
            sx = [1.31,-0.089,-2.313,1.323,2.345,0.4]
            sy = [1.619,-0.397,-2.264,-0.353,1.048,1.758]
            24
            gx = [-0.175,-1.186,1.382,1.588,1.445,-1.196]
            gy = [0.159,1.003,2.31,-0.787,-1.673,2.218]
            sx = [-0.491,0.916,1.906,1.991,0.577,1.877]
            sy = [-2.185,-1.555,1.307,-0.934,-0.31,0.546]
            25
            gx = [-0.276,2.473,2.118,-0.185,0.716,0.761]
            gy = [-1.707,1.315,0.565,2.44,-1.365,-2.385]
            sx = [-2.061,-0.628,-1.623,-2.089,2.475,-1.539]
            sy = [1.111,2.293,-1.497,-1.322,0.034,-0.54]
            26
            gx = [-1.445,0.529,1.006,-0.881,-0.964,-1.078]
            gy = [-0.12,1.707,-2.429,-2.095,2.0,-0.951]
            sx = [-1.551,0.409,1.286,0.336,-1.504,2.061]
            sy = [-0.617,0.695,2.216,2.213,0.89,-0.203]
            27
            gx = [0.982,0.459,0.184,0.376,0.028,-0.052]
            gy = [-0.607,2.001,1.802,1.205,0.321,-2.061]
            sx = [0.143,1.932,1.974,0.262,-2.016,2.425]
            sy = [-0.992,-2.076,0.548,-1.504,-2.042,-1.971]
            28
            gx = [-0.616,2.471,-0.766,2.24,-2.494,1.705]
            gy = [1.543,1.505,1.561,-0.301,1.88,-0.962]
            sx = [-0.775,-0.482,0.236,-1.092,-2.473,-1.011]
            sy = [0.269,1.567,-0.463,-0.953,-0.794,-0.379]
            29
            gx = [-0.458,-0.919,-0.432,-1.349,-0.143,-1.158]
            gy = [0.078,0.558,-1.932,2.048,1.363,2.146]
            sx = [-2.136,-2.06,1.85,-0.574,0.144,0.541]
            sy = [2.109,-2.425,0.312,-1.344,0.264,0.157]
            30
            gx = [-1.467,-2.436,-2.451,1.868,0.563,-0.866]
            gy = [-0.255,-0.153,-0.593,1.871,0.347,1.746]
            sx = [0.368,0.446,-0.674,-2.12,-2.146,-0.398]
            sy = [0.43,2.326,0.078,1.274,1.63,1.013]
            31
            gx = [1.37,-0.986,-1.815,-1.493,-1.396,-1.625]
            gy = [-1.261,2.146,0.911,-0.434,-1.062,-1.576]
            sx = [-1.559,1.717,2.474,-0.385,-2.155,1.303]
            sy = [0.677,1.469,-1.697,1.384,-1.707,0.287]
            32
            gx = [-1.193,1.274,1.742,-2.269,-0.018,0.981]
            gy = [1.776,0.778,0.33,0.85,2.003,1.765]
            sx = [0.112,1.309,0.663,-0.455,2.105,0.588]
            sy = [0.316,-0.109,-2.331,0.366,-0.83,-1.331]
            33
            gx = [-0.465,0.642,2.19,0.616,2.045,2.325]
            gy = [-1.754,2.451,0.011,0.45,-1.26,0.631]
            sx = [1.681,-1.895,0.725,-0.047,-1.695,1.334]
            sy = [1.091,1.395,2.355,-0.17,-0.158,0.455]
            34
            gx = [-0.913,0.303,-0.078,-0.598,1.985,2.285]
            gy = [2.342,-0.659,-1.547,-2.488,-1.047,-1.586]
            sx = [1.253,-1.202,-1.447,-1.395,-1.462,-0.827]
            sy = [2.264,1.328,2.043,-1.564,1.781,-0.54]
            35
            gx = [0.917,2.375,2.022,2.266,-2.492,1.639]
            gy = [-1.828,-2.066,1.481,-0.892,-0.668,2.022]
            sx = [0.005,-0.823,0.354,-2.078,-2.467,1.986]
            sy = [1.775,-1.484,1.143,-0.032,-1.536,-2.481]
            36
            gx = [2.094,-1.036,-1.354,1.893,-1.721,1.773]
            gy = [0.972,1.115,1.122,-2.108,1.307,-1.401]
            sx = [-2.112,-0.991,-2.488,-1.746,-0.037,1.849]
            sy = [-0.615,-0.197,0.849,2.299,1.562,2.158]
            37
            gx = [0.62,-0.911,-1.828,-0.534,-1.437,2.362]
            gy = [1.086,0.306,1.285,-0.044,1.531,1.059]
            sx = [2.476,-1.276,-0.513,-1.259,-1.214,-0.255]
            sy = [-0.692,-0.205,1.896,0.385,0.86,1.361]
            38
            gx = [-2.355,-0.229,0.155,1.256,-1.711,1.87]
            gy = [-0.249,1.868,1.903,-2.072,-0.538,-1.428]
            sx = [-2.095,-1.658,0.475,1.612,0.481,-0.249]
            sy = [-1.549,-0.077,0.931,-1.438,-1.439,-1.262]
            39
            gx = [-2.203,1.281,0.462,2.481,-0.214,-1.428]
            gy = [0.307,0.442,-0.328,1.411,-1.242,-1.876]
            sx = [-2.232,0.277,2.312,-1.602,1.128,0.309]
            sy = [1.616,0.443,-1.72,2.439,-2.178,1.434]
            40
            gx = [-1.468,1.777,0.864,0.118,2.093,0.408]
            gy = [2.362,-1.073,-0.452,1.641,-0.81,2.477]
            sx = [-2.374,-1.633,0.432,1.306,-0.958,-1.34]
            sy = [1.251,1.873,-0.61,-0.591,2.225,-1.613]
            41
            gx = [-1.761,1.255,1.043,1.401,-0.366,-0.515]
            gy = [1.718,-0.338,-2.011,1.204,0.57,-0.824]
            sx = [-2.142,1.202,0.189,1.259,2.341,2.349]
            sy = [2.257,2.152,-1.104,-1.027,-0.98,-1.881]
            42
            gx = [-1.115,-1.406,0.267,1.125,0.695,-1.331]
            gy = [-1.479,1.969,-0.49,-1.094,-1.241,1.022]
            sx = [-1.878,1.088,-0.359,1.346,2.248,0.407]
            sy = [0.753,-0.032,0.135,1.612,-2.43,2.352]
            43
            gx = [1.904,1.859,1.239,-1.522,-1.257,-2.242]
            gy = [0.291,1.785,2.143,0.146,-2.187,-2.297]
            sx = [-2.237,0.09,2.014,-2.161,0.491,-1.651]
            sy = [-1.878,-1.48,-0.334,-1.086,-1.598,1.117]
            44
            gx = [1.07,-2.079,1.919,-0.225,2.017,2.024]
            gy = [1.697,1.734,0.681,-0.765,-0.515,-0.664]
            sx = [0.772,-2.06,0.717,1.295,0.275,0.157]
            sy = [2.412,-0.543,-1.028,2.034,-0.017,1.628]
            45
            gx = [2.274,0.181,-0.475,2.41,2.147,0.242]
            gy = [-0.742,1.852,0.563,1.567,-2.397,1.657]
            sx = [-2.197,-1.609,1.331,1.998,-0.524,1.002]
            sy = [0.226,1.104,0.969,2.328,2.341,-1.518]
            46
            gx = [-0.103,-0.152,-1.047,1.911,0.782,-2.351]
            gy = [2.242,2.249,-0.003,-2.176,0.485,1.353]
            sx = [-1.548,0.916,-0.125,0.477,0.697,1.954]
            sy = [-1.726,0.318,1.773,1.171,-1.257,-0.331]
            47
            gx = [0.106,0.321,-0.209,0.987,1.914,-0.031]
            gy = [-1.038,0.062,1.693,2.024,-1.898,1.7]
            sx = [1.96,1.706,-1.649,1.088,-0.803,-0.34]
            sy = [-1.932,1.779,-0.751,2.156,0.578,0.855]
            48
            gx = [-2.278,-2.087,-1.119,-1.683,1.105,1.598]
            gy = [-2.117,1.533,-0.592,2.036,0.448,1.005]
            sx = [0.583,-1.229,-1.355,-0.47,-1.991,0.881]
            sy = [1.935,-0.821,-2.359,-2.041,0.07,-1.27]
            49
            gx = [-0.382,0.419,-2.063,0.219,-0.999,-2.304]
            gy = [-0.314,0.945,0.041,-1.374,2.479,1.539]
            sx = [1.209,-0.6,-2.441,0.188,0.766,1.761]
            sy = [-1.866,0.662,0.614,0.444,-0.431,-1.922]
            50
            gx = [1.574,1.854,-2.129,1.43,0.671,-0.265]
            gy = [-1.157,1.882,0.146,2.474,-1.884,0.895]
            sx = [-0.599,1.093,-2.355,0.32,-0.448,0.739]
            sy = [0.309,-0.426,0.286,2.488,-0.469,-2.244]
